	allow	write	ask	read	believe	know	criticize	hate	talk	like	
	 разрешать allow	писать 	попросить ask	читать 	верить	знать	критиковать	ненавидеть 	говорить 	нравится	
1	0	0	0	1	0	1	0	0	0	1	0.3
2	0	1	0	1	1	1	0	0	1	1	0.6
3	1	1	1	1	1	1	0	1	1	1	0.9
4	1	1	1	1	1	1	0	0	1	1	0.8
5	1	1	1	1	0	0	0	0	0	1	0.5
6	0	1	0	1	0	1	1	0	1	1	0.6
7	0	1	0	1	1	0	0	0	1	1	0.5
8	1	1	1	1	0	1	0	0	1	1	0.7
9	0	1	1	1	1	1	0	0	1	1	0.7
10	0	1	0	1	0	1	0	0	1	1	0.5
11	0	1	0	1	0	1	0	0	1	1	0.5
12	0	1	1	1	1	1	0	0	1	1	0.7
13	1	1	0	1	0	0	0	0	1	1	0.5
14	0	1	1	1	0	0	0	0	1	1	0.5
15	0	0	0	1	0	0	0	0	0	0	0.1
16	0	0	1	1	1	0	0	0	1	1	0.5
17	0	1	0	1	0	1	0	0	1	1	0.5
18	1	1	1	1	1	1	0	0	1	1	0.8
19	0	0	1	1	1	1	0	1	1	1	0.7
	0.315789474	0.789473684	0.526315789	1	0.473684211	0.684210526	0.052631579	0.105263158	0.842105263	0.947368421	
